52 0.406534 0.135706 0.0515787 0.0819316
58 0.875586 0.366795 0.0564512 0.0900943
50 0.781629 0.139219 0.0567852 0.0882609
42 0.594493 0.366225 0.057332 0.0917563
60 0.688118 0.365154 0.0564814 0.0882937
62 0.781153 0.36555 0.0551759 0.0873204
44 0.406379 0.365768 0.0561938 0.0907054
28 0.126152 0.59234 0.0586395 0.0923696
36 0.313859 0.131448 0.0537007 0.0725155
54 0.687972 0.137246 0.0562264 0.0814019
36 0.423816 0.825567 0.0394497 0.0590876
58 0.554236 0.591671 0.0552354 0.0891788
30 0.233842 0.592337 0.0565582 0.0897345
43 0.874741 0.590278 0.0550025 0.0880564
50 0.125879 0.363895 0.0554178 0.08891
56 0.312604 0.366167 0.05367 0.0875603
54 0.728662 0.828337 0.0416557 0.0637791
34 0.576372 0.828155 0.0399279 0.0642551
22 0.803411 0.829124 0.0410776 0.0665869
32 0.270579 0.827788 0.0409343 0.064323
34 0.500237 0.136243 0.054367 0.0828905
46 0.500694 0.36562 0.0555793 0.0898993
34 0.881663 0.829627 0.0409874 0.0672897
38 0.499971 0.827844 0.0404146 0.0635495
38 0.40628 0.135964 0.0522329 0.0821953
38 0.652314 0.827795 0.0413285 0.0614243
15 0.119421 0.828794 0.0384442 0.0633007
34 0.875637 0.138505 0.0551865 0.0873436
15 0.445945 0.591564 0.0543762 0.0877758
56 0.224572 0.367665 0.066222 0.0950931
41 0.339392 0.590182 0.0543943 0.0895397
22 0.196081 0.828549 0.0404337 0.0654312
52 0.594154 0.135808 0.0531705 0.0804554
57 0.119074 0.829542 0.0414163 0.0641138
38 0.59462 0.135819 0.0538261 0.0807405
20 0.87621 0.137431 0.0558218 0.0863206
45 0.660229 0.590512 0.0559766 0.0876233
20 0.88095 0.82929 0.0456677 0.0705613
48 0.218866 0.136779 0.0519338 0.0838264
48 0.348679 0.827984 0.0436673 0.0630642
32 0.125832 0.135542 0.0544987 0.0839816
52 0.406534 0.135706 0.0515787 0.0819316
58 0.875586 0.366795 0.0564512 0.0900943
50 0.781629 0.139219 0.0567852 0.0882609
42 0.594493 0.366225 0.057332 0.0917563
60 0.688118 0.365154 0.0564814 0.0882937
62 0.781153 0.36555 0.0551759 0.0873204
44 0.406379 0.365768 0.0561938 0.0907054
28 0.126152 0.59234 0.0586395 0.0923696
36 0.313859 0.131448 0.0537007 0.0725155
54 0.687972 0.137246 0.0562264 0.0814019
36 0.423816 0.825567 0.0394497 0.0590876
58 0.554236 0.591671 0.0552354 0.0891788
30 0.233842 0.592337 0.0565582 0.0897345
43 0.874741 0.590278 0.0550025 0.0880564
50 0.125879 0.363895 0.0554178 0.08891
56 0.312604 0.366167 0.05367 0.0875603
54 0.728662 0.828337 0.0416557 0.0637791
34 0.576372 0.828155 0.0399279 0.0642551
22 0.803411 0.829124 0.0410776 0.0665869
32 0.270579 0.827788 0.0409343 0.064323
34 0.500237 0.136243 0.054367 0.0828905
46 0.500694 0.36562 0.0555793 0.0898993
34 0.881663 0.829627 0.0409874 0.0672897
38 0.499971 0.827844 0.0404146 0.0635495
38 0.40628 0.135964 0.0522329 0.0821953
38 0.652314 0.827795 0.0413285 0.0614243
15 0.119421 0.828794 0.0384442 0.0633007
34 0.875637 0.138505 0.0551865 0.0873436
15 0.445945 0.591564 0.0543762 0.0877758
56 0.224572 0.367665 0.066222 0.0950931
41 0.339392 0.590182 0.0543943 0.0895397
22 0.196081 0.828549 0.0404337 0.0654312
52 0.594154 0.135808 0.0531705 0.0804554
57 0.119074 0.829542 0.0414163 0.0641138
38 0.59462 0.135819 0.0538261 0.0807405
20 0.87621 0.137431 0.0558218 0.0863206
45 0.660229 0.590512 0.0559766 0.0876233
20 0.88095 0.82929 0.0456677 0.0705613
48 0.218866 0.136779 0.0519338 0.0838264
48 0.348679 0.827984 0.0436673 0.0630642
32 0.125832 0.135542 0.0544987 0.0839816
43 0.530847 0.858172 0.0531669 0.238321
29 0.720688 0.850439 0.0550469 0.235576
15 0.451459 0.35004 0.0450922 0.237173
15 0.839317 0.347613 0.0458732 0.235638
63 0.334332 0.857377 0.0477538 0.236474
15 0.645244 0.349709 0.044607 0.233309
15 0.0765869 0.361545 0.0428725 0.239674
63 0.146457 0.859831 0.0455684 0.235626
43 0.915527 0.852544 0.0582348 0.243178
47 0.0749638 0.865491 0.0473254 0.235971
47 0.254467 0.85971 0.0481042 0.232508
47 0.44917 0.859295 0.0536996 0.233791
47 0.641341 0.855195 0.0531133 0.234801
47 0.836526 0.853338 0.0547786 0.232021
35 0.919158 0.348358 0.0491066 0.23365
38 0.723048 0.346963 0.047291 0.220349
47 0.914712 0.846783 0.0582196 0.239333
43 0.91954 0.349575 0.0481876 0.23141
43 0.721184 0.851577 0.0558673 0.236846
47 0.257386 0.357063 0.0486638 0.238554
61 0.33651 0.358175 0.0513063 0.242102
39 0.14981 0.360119 0.0469947 0.241503
36 0.531121 0.350156 0.0481312 0.226524
37 0.530854 0.348625 0.0483586 0.22865
15 0.257729 0.35653 0.0487213 0.240285
35 0.150195 0.358585 0.0468011 0.247897
52 0.406534 0.135706 0.0515787 0.0819316
58 0.875586 0.366795 0.0564512 0.0900943
50 0.781629 0.139219 0.0567852 0.0882609
42 0.594493 0.366225 0.057332 0.0917563
60 0.688118 0.365154 0.0564814 0.0882937
62 0.781153 0.36555 0.0551759 0.0873204
44 0.406379 0.365768 0.0561938 0.0907054
28 0.126152 0.59234 0.0586395 0.0923696
36 0.313859 0.131448 0.0537007 0.0725155
54 0.687972 0.137246 0.0562264 0.0814019
36 0.423816 0.825567 0.0394497 0.0590876
58 0.554236 0.591671 0.0552354 0.0891788
30 0.233842 0.592337 0.0565582 0.0897345
43 0.874741 0.590278 0.0550025 0.0880564
50 0.125879 0.363895 0.0554178 0.08891
56 0.312604 0.366167 0.05367 0.0875603
54 0.728662 0.828337 0.0416557 0.0637791
34 0.576372 0.828155 0.0399279 0.0642551
22 0.803411 0.829124 0.0410776 0.0665869
32 0.270579 0.827788 0.0409343 0.064323
34 0.500237 0.136243 0.054367 0.0828905
46 0.500694 0.36562 0.0555793 0.0898993
34 0.881663 0.829627 0.0409874 0.0672897
38 0.499971 0.827844 0.0404146 0.0635495
38 0.40628 0.135964 0.0522329 0.0821953
38 0.652314 0.827795 0.0413285 0.0614243
15 0.119421 0.828794 0.0384442 0.0633007
34 0.875637 0.138505 0.0551865 0.0873436
15 0.445945 0.591564 0.0543762 0.0877758
56 0.224572 0.367665 0.066222 0.0950931
41 0.339392 0.590182 0.0543943 0.0895397
22 0.196081 0.828549 0.0404337 0.0654312
52 0.594154 0.135808 0.0531705 0.0804554
57 0.119074 0.829542 0.0414163 0.0641138
38 0.59462 0.135819 0.0538261 0.0807405
20 0.87621 0.137431 0.0558218 0.0863206
45 0.660229 0.590512 0.0559766 0.0876233
20 0.88095 0.82929 0.0456677 0.0705613
48 0.218866 0.136779 0.0519338 0.0838264
48 0.348679 0.827984 0.0436673 0.0630642
32 0.125832 0.135542 0.0544987 0.0839816
