52 0.406534 0.135706 0.0515787 0.0819316
58 0.875586 0.366795 0.0564512 0.0900943
50 0.781629 0.139219 0.0567852 0.0882609
42 0.594493 0.366225 0.057332 0.0917563
60 0.688118 0.365154 0.0564814 0.0882937
62 0.781153 0.36555 0.0551759 0.0873204
44 0.406379 0.365768 0.0561938 0.0907054
28 0.126152 0.59234 0.0586395 0.0923696
36 0.313859 0.131448 0.0537007 0.0725155
54 0.687972 0.137246 0.0562264 0.0814019
36 0.423816 0.825567 0.0394497 0.0590876
58 0.554236 0.591671 0.0552354 0.0891788
30 0.233842 0.592337 0.0565582 0.0897345
43 0.874741 0.590278 0.0550025 0.0880564
50 0.125879 0.363895 0.0554178 0.08891
56 0.312604 0.366167 0.05367 0.0875603
54 0.728662 0.828337 0.0416557 0.0637791
34 0.576372 0.828155 0.0399279 0.0642551
22 0.803411 0.829124 0.0410776 0.0665869
32 0.270579 0.827788 0.0409343 0.064323
34 0.500237 0.136243 0.054367 0.0828905
46 0.500694 0.36562 0.0555793 0.0898993
34 0.881663 0.829627 0.0409874 0.0672897
38 0.499971 0.827844 0.0404146 0.0635495
38 0.40628 0.135964 0.0522329 0.0821953
38 0.652314 0.827795 0.0413285 0.0614243
15 0.119421 0.828794 0.0384442 0.0633007
34 0.875637 0.138505 0.0551865 0.0873436
15 0.445945 0.591564 0.0543762 0.0877758
56 0.224572 0.367665 0.066222 0.0950931
41 0.339392 0.590182 0.0543943 0.0895397
22 0.196081 0.828549 0.0404337 0.0654312
52 0.594154 0.135808 0.0531705 0.0804554
57 0.119074 0.829542 0.0414163 0.0641138
38 0.59462 0.135819 0.0538261 0.0807405
20 0.87621 0.137431 0.0558218 0.0863206
45 0.660229 0.590512 0.0559766 0.0876233
20 0.88095 0.82929 0.0456677 0.0705613
48 0.218866 0.136779 0.0519338 0.0838264
48 0.348679 0.827984 0.0436673 0.0630642
32 0.125832 0.135542 0.0544987 0.0839816
52 0.406534 0.135706 0.0515787 0.0819316
58 0.875586 0.366795 0.0564512 0.0900943
50 0.781629 0.139219 0.0567852 0.0882609
42 0.594493 0.366225 0.057332 0.0917563
60 0.688118 0.365154 0.0564814 0.0882937
62 0.781153 0.36555 0.0551759 0.0873204
44 0.406379 0.365768 0.0561938 0.0907054
28 0.126152 0.59234 0.0586395 0.0923696
36 0.313859 0.131448 0.0537007 0.0725155
54 0.687972 0.137246 0.0562264 0.0814019
36 0.423816 0.825567 0.0394497 0.0590876
58 0.554236 0.591671 0.0552354 0.0891788
30 0.233842 0.592337 0.0565582 0.0897345
43 0.874741 0.590278 0.0550025 0.0880564
50 0.125879 0.363895 0.0554178 0.08891
56 0.312604 0.366167 0.05367 0.0875603
54 0.728662 0.828337 0.0416557 0.0637791
34 0.576372 0.828155 0.0399279 0.0642551
22 0.803411 0.829124 0.0410776 0.0665869
32 0.270579 0.827788 0.0409343 0.064323
34 0.500237 0.136243 0.054367 0.0828905
46 0.500694 0.36562 0.0555793 0.0898993
34 0.881663 0.829627 0.0409874 0.0672897
38 0.499971 0.827844 0.0404146 0.0635495
38 0.40628 0.135964 0.0522329 0.0821953
38 0.652314 0.827795 0.0413285 0.0614243
15 0.119421 0.828794 0.0384442 0.0633007
34 0.875637 0.138505 0.0551865 0.0873436
15 0.445945 0.591564 0.0543762 0.0877758
56 0.224572 0.367665 0.066222 0.0950931
41 0.339392 0.590182 0.0543943 0.0895397
22 0.196081 0.828549 0.0404337 0.0654312
52 0.594154 0.135808 0.0531705 0.0804554
57 0.119074 0.829542 0.0414163 0.0641138
38 0.59462 0.135819 0.0538261 0.0807405
20 0.87621 0.137431 0.0558218 0.0863206
45 0.660229 0.590512 0.0559766 0.0876233
20 0.88095 0.82929 0.0456677 0.0705613
48 0.218866 0.136779 0.0519338 0.0838264
48 0.348679 0.827984 0.0436673 0.0630642
32 0.125832 0.135542 0.0544987 0.0839816
52 0.406534 0.135706 0.0515787 0.0819316
58 0.875586 0.366795 0.0564512 0.0900943
50 0.781629 0.139219 0.0567852 0.0882609
42 0.594493 0.366225 0.057332 0.0917563
60 0.688118 0.365154 0.0564814 0.0882937
62 0.781153 0.36555 0.0551759 0.0873204
44 0.406379 0.365768 0.0561938 0.0907054
28 0.126152 0.59234 0.0586395 0.0923696
36 0.313859 0.131448 0.0537007 0.0725155
54 0.687972 0.137246 0.0562264 0.0814019
36 0.423816 0.825567 0.0394497 0.0590876
58 0.554236 0.591671 0.0552354 0.0891788
30 0.233842 0.592337 0.0565582 0.0897345
43 0.874741 0.590278 0.0550025 0.0880564
50 0.125879 0.363895 0.0554178 0.08891
56 0.312604 0.366167 0.05367 0.0875603
54 0.728662 0.828337 0.0416557 0.0637791
34 0.576372 0.828155 0.0399279 0.0642551
22 0.803411 0.829124 0.0410776 0.0665869
32 0.270579 0.827788 0.0409343 0.064323
34 0.500237 0.136243 0.054367 0.0828905
46 0.500694 0.36562 0.0555793 0.0898993
34 0.881663 0.829627 0.0409874 0.0672897
38 0.499971 0.827844 0.0404146 0.0635495
38 0.40628 0.135964 0.0522329 0.0821953
38 0.652314 0.827795 0.0413285 0.0614243
15 0.119421 0.828794 0.0384442 0.0633007
34 0.875637 0.138505 0.0551865 0.0873436
15 0.445945 0.591564 0.0543762 0.0877758
56 0.224572 0.367665 0.066222 0.0950931
41 0.339392 0.590182 0.0543943 0.0895397
22 0.196081 0.828549 0.0404337 0.0654312
52 0.594154 0.135808 0.0531705 0.0804554
57 0.119074 0.829542 0.0414163 0.0641138
38 0.59462 0.135819 0.0538261 0.0807405
20 0.87621 0.137431 0.0558218 0.0863206
45 0.660229 0.590512 0.0559766 0.0876233
20 0.88095 0.82929 0.0456677 0.0705613
48 0.218866 0.136779 0.0519338 0.0838264
48 0.348679 0.827984 0.0436673 0.0630642
32 0.125832 0.135542 0.0544987 0.0839816
